0.0
0.30499999999
0.61000000002
0.1825
0.48750000002
0.0625
0.36500000002
0.67000000001
0.245
0.54750000002
0.1225
0.42750000002
0.0
0.30499999999
0.61000000002
0.1825
0.48750000002
0.0625
0.36500000002
0.67000000001
0.245
0.54750000002
0.1225
0.42750000002
0.0
0.30499999999
0.61000000002
0.1825
0.48750000002
0.0625
0.36500000002
0.67000000001
0.245
0.54750000002
0.1225
0.42750000002
0.0
0.30499999999
0.61000000002
0.1825
0.48750000002
0.0625
0.36500000002
0.67000000001
0.245
0.54750000002
0.1225
0.42750000002
0.0
0.30499999999
0.61000000002
0.1825
0.48750000002
0.0625
0.36500000002
0.67000000001
0.245
0.54750000002
0.1225
0.42750000002
0.0
0.30499999999
0.61000000002
0.1825
0.48750000002
0.0625
0.36500000002
0.67000000001
0.245
0.54750000002
0.1225
0.42750000002
